pslist.avg_handlers,dlllist.avg_dlls_per_proc,handles.avg_handles_per_proc,handles.nevent,handles.nsection,handles.nmutant,svcscan.nservices,svcscan.kernel_drivers,svcscan.process_services,svcscan.shared_process_services,src_port,bidirectional_bytes,src2dst_bytes,bidirectional_mean_ps,bidirectional_stddev_ps,bidirectional_max_ps,dst2src_min_ps,src2dst_mean_piat_ms,application_name,requested_server_name,sbytes,sttl,sload,dload,smean,ct_state_ttl,ct_dst_src_ltm,ct_srv_dst,attack_cat
213.6842105,39.21052632,213.6842105,2859,175,253,389,221,24,116,49156,10914,10914,214.0,0.0,214,0,5914.84,DNS,config.amcrestcloud.com,2934,31,17811.08594,22718.72852,56,0,4,1,Normal
306.3749598,52.41938516,306.3749598,4407,416,410,395,222,27,118,55410,502,132,71.71428571,7.952238379,78,74,22252.0,TLS,p2p.amcrestview.com,114,254,65142856.0,0.0,57,2,4,4,Generic
215.5238095,39.11904762,220.804878,3031,186,281,389,221,24,116,16000,108,46,54.0,11.3137085,62,62,0.0,DNS.Amazon,avs-alexa-na.amazon.com,114,254,45600000.0,0.0,57,2,51,51,Generic
288.4636444,50.0,288.4636444,4129,366,353,395,222,27,118,48084,660,660,66.0,0.0,66,0,7416.0,HTTP,p2p.amcrestview.com,46,0,0.0,0.0,46,2,1,1,Normal
204.1,37.575,204.1,2867,162,232,389,221,24,116,53,172,94,86.0,11.3137085,94,78,0.0,DNS,dongjing2.xyx.wiki,1460,254,55326.89844,9431.677734,146,1,1,1,Exploits
255.3940341,45.62264151,255.3940341,4696,461,462,392,222,24,118,21505,108,46,54.0,11.3137085,62,62,0.0,TLS,connectivity.smartthings.com,114,254,57000000.0,0.0,57,2,24,24,Generic
266.0891628,44.81395349,272.4484286,3935,380,398,392,222,24,118,53833,11229,4005,215.9423077,386.0931216,1895,66,170.7037037,TLS.GoogleServices,www.googleapis.com,1540,31,612675.6875,658923.375,96,0,6,11,Normal
215.2972973,39.08108108,215.2972973,2830,162,223,389,221,24,116,48903,786,495,87.33333333,16.02342036,99,97,36428.2,TLS,config.amcrestcloud.com,794,62,10235.34082,90371.61719,79,1,1,1,Exploits
198.1914894,38.70212766,202.5217391,3182,194,306,389,221,24,116,52721,2550,2550,170.0,0.0,170,0,7.928571429,TLS.AmazonAlexa,api.amazonalexa.com,842,254,3000.78125,1227.232422,84,1,1,2,Normal
282.4566138,48.72741187,282.4566138,4104,382,330,395,222,27,118,40344,10821,5870,676.3125,587.4171395,1292,110,22.77777778,QUIC.Google,www.google.com,200,254,88888888.0,0.0,100,2,7,7,Exploits
282.5504232,48.47727273,282.5504232,4433,459,350,395,222,27,118,60927,2550,2550,170.0,0.0,170,0,6.785714286,HTTP.AmazonAWS,d3p8zr0ffa9t17.cloudfront.net,114,254,50666664.0,0.0,57,2,16,16,Generic
201.9473684,38.05263158,201.9473684,2672,139,225,389,221,24,116,20784,108,46,54.0,11.3137085,62,62,0.0,DNS,config.amcrestcloud.com,880,254,5908.969727,4455.004883,55,1,3,3,Normal
308.3042853,52.26164283,308.3042853,4629,438,403,395,222,27,118,36080,6575,2180,273.9583333,697.3635743,3489,66,37.76923077,TLS,config.amcrestcloud.com,180,254,231.049591,0.0,45,6,19,19,Normal
276.9083034,47.02508165,294.8491945,3139,235,312,395,222,27,118,53,198,115,99.0,22.627417,115,83,0.0,DNS,config.amcrestcloud.com,1540,31,628338.3125,675768.25,96,0,7,8,Normal
249.1219338,42.86046512,255.077218,3754,358,337,392,222,24,118,12257,108,46,54.0,11.3137085,62,62,0.0,DNS.AmazonAWS,r-34a7a751.kinesisvideo.us-west-2.amazonaws.com,1540,31,34152.85938,36730.88281,96,0,5,13,Normal
215.1621622,39.27027027,215.1621622,2813,162,230,389,221,24,116,60357,498,176,124.5,42.78239513,170,152,0.0,DNS,connectivity.smartthings.com,2424,62,8564.708984,1091025.125,45,1,1,1,Exploits
263.8655216,44.75085504,273.0625171,4735,526,480,392,222,24,118,49359,1677,939,98.64705882,33.98886063,123,123,24293.0,TLS,config.amcrestcloud.com,816,62,4021.499756,5695.756836,82,1,2,2,Normal
214.2368421,39.26315789,214.2368421,2850,176,249,389,221,24,116,54884,8793,1424,314.0357143,648.5682512,2922,66,26.53846154,TLS,connectivity.smartthings.com,4238,31,778199.25,11731633.0,59,0,1,6,Normal
290.1673403,48.9047619,290.1673403,4363,454,338,395,222,27,118,42525,296,296,74.0,0.0,74,0,2336.666667,HTTP,config.amcrestcloud.com,114,254,50666664.0,0.0,57,2,41,41,Generic
196.1777778,37.6,196.1777778,3032,192,273,389,221,24,116,60743,440,83,220.0,193.747258,357,357,0.0,DNS.Amazon,avs-alexa-na.amazon.com,4862,31,1013525.938,16110527.0,58,0,1,3,Normal
292.1407666,49.625,292.1407666,4093,431,333,395,222,27,118,59582,198,83,99.0,22.627417,115,115,0.0,DNS,config.amcrestcloud.com,1058,254,8545.53125,5832.104492,88,1,1,4,Fuzzers
293.4512851,49.76923077,293.4512851,4058,396,329,395,222,27,118,44977,164,74,82.0,11.3137085,90,90,0.0,DNS.Google,www.google.com,484,254,12617.83984,6482.560059,48,1,2,13,Fuzzers
308.259504,52.21428571,308.259504,4513,437,461,395,222,27,118,47428,198,83,99.0,22.627417,115,115,0.0,DNS,config.amcrestcloud.com,200,254,200000000.0,0.0,100,2,4,4,Fuzzers
257.8407256,47.15288266,260.0166848,6028,657,521,392,222,24,118,42978,262,107,131.0,33.9411255,155,155,0.0,DNS.AmazonAWS,r-34a7a751.kinesisvideo.us-west-2.amazonaws.com,200,254,160000000.0,0.0,100,2,6,14,Exploits
294.0238095,49.64285714,294.0238095,4505,407,356,395,222,27,118,33118,89,89,89.0,0.0,89,0,0.0,DNS.Google,connectivitycheck.gstatic.com,184,0,35.632019,21.689056,46,0,2,2,Normal
209.35,39.0,209.35,2933,178,263,389,221,24,116,53,198,115,99.0,22.627417,115,83,0.0,DNS,config.amcrestcloud.com,168,254,67200000.0,0.0,84,2,1,1,Reconnaissance
291.9540901,49.09441719,291.9540901,4732,438,348,395,222,27,118,59974,174,79,87.0,11.3137085,95,95,0.0,DNS,p2p.amcrestview.com,200,254,72727272.0,0.0,100,2,2,11,Exploits
221.3333333,40.23076923,221.3333333,3010,177,259,389,221,24,116,33999,312,114,156.0,59.39696962,198,198,0.0,DNS.AmazonAWS,c1ybkrkbr1j10x.credentials.iot.us-west-2.amazonaws.com,114,254,114000000.0,0.0,57,2,45,45,Generic
305.5581369,50.67741935,315.7767415,3196,262,344,395,222,27,118,35365,164,106,82.0,33.9411255,106,58,0.0,DNS.Google,www.google.com,196,254,261333328.0,0.0,98,2,6,6,Normal
293.0431531,49.59701865,293.0431531,4107,377,346,395,222,27,118,0,60,60,60.0,0.0,60,0,0.0,IGMP,239.255.255.250:1900,46,0,0.0,0.0,46,2,1,1,Normal
208.4651163,38.60465116,213.452381,3008,191,284,389,221,24,116,50713,167,167,167.0,0.0,167,0,0.0,SSDP,239.255.255.250:1900,200,254,100000000.0,0.0,100,2,4,10,Exploits
204.8536585,38.24390244,204.8536585,2930,173,244,389,221,24,116,38733,1886,673,314.3333333,436.3836233,1139,74,144.0,TLS.AmazonAWS,r-34a7a751.kinesisvideo.us-west-2.amazonaws.com,28032,62,296272.9375,13784.18164,779,1,1,1,Exploits
299.4984345,51.69767442,299.4984345,4547,440,424,395,222,27,118,43145,296,296,74.0,0.0,74,0,2338.0,HTTP,c.c.3.8.4.9.e.7.a.8.f.f.3.2.2.b.0.0.0.0.0.0.0.0.0.0.0.0.0.8.e.f.ip6.arpa,114,254,91200000.0,0.0,57,2,7,13,Generic
289.5163202,48.93181818,289.5163202,4709,439,347,395,222,27,118,52189,164,74,82.0,11.3137085,90,90,0.0,DNS.Google,www.google.com,512,31,1721008.375,1021848.75,128,0,3,7,Normal
203.05,37.5,203.05,2868,162,233,389,221,24,116,0,1176,588,98.0,0.0,98,98,43812.4,ICMP,p2p.amcrestview.com,4232,31,5738693.5,3330940.5,235,0,3,14,Normal
301.1181652,52.2195122,301.1181652,4339,404,403,395,222,27,118,58541,198,83,99.0,22.627417,115,115,0.0,DNS,config.amcrestcloud.com,998,62,11863.95703,613.161255,166,3,4,4,Normal
242.4680851,44.12765957,242.4680851,3767,337,394,392,222,24,118,21611,108,46,54.0,11.3137085,62,62,0.0,DNS,connectivity.smartthings.com,114,254,76000000.0,0.0,57,2,24,24,Generic
299.9,51.1,299.9,4250,407,395,395,222,27,118,56700,498,498,83.0,0.0,83,0,6.8,TLS,239.255.255.250:1982,608,254,2875.519775,3053.927979,61,1,1,1,Normal
286.2429752,48.93181818,286.2429752,4663,426,347,395,222,27,118,53,174,95,87.0,11.3137085,95,79,0.0,DNS,logreport.nvcam.net,2516,254,43157.44922,4268.109375,252,1,2,2,Normal
291.6496521,49.53658537,291.6496521,4187,455,354,395,222,27,118,52310,222,222,74.0,0.0,74,0,1492.0,HTTP,config.amcrestcloud.com,2754,62,29332.19336,18045.4082,138,1,1,1,Exploits
287.856031,49.44455056,288.810583,4343,397,356,395,222,27,118,59082,271,93,135.5,60.1040764,178,178,0.0,DNS.AmazonAWS,web.diagnostic.networking.aws.dev,132544,62,826110.75,13963.19629,1143,1,1,1,Exploits
207.5853659,39.14634146,207.5853659,2980,180,267,389,221,24,116,40002,1151387,23369,1562.261872,1520.784262,4350,66,5.670807453,TLS,config.amcrestcloud.com,756,254,30727.92773,10107.27734,76,1,7,7,Normal
200.5581395,37.93023256,200.5581395,2986,185,266,389,221,24,116,39759,166,75,83.0,11.3137085,91,91,0.0,DNS.Google,www.gstatic.com,534,254,6344.610352,2954.662598,53,1,3,3,Normal
208.2093023,39.0,213.1904762,3120,185,276,389,221,24,116,35549,198,83,99.0,22.627417,115,115,0.0,DNS,config.amcrestcloud.com,200,254,72727272.0,0.0,100,2,4,11,Exploits
280.1455529,46.28026834,291.749071,3709,328,322,395,222,27,118,53,198,115,99.0,22.627417,115,83,0.0,DNS,config.amcrestcloud.com,1526,254,48374.32031,7886.352051,153,1,10,10,Normal
265.9806221,44.81395349,272.3373036,3933,380,398,392,222,24,118,51585,212,98,106.0,11.3137085,114,114,0.0,DNS,teamsgeo.trouter-teams-prod.akadns.net,114,254,152000000.0,0.0,57,2,29,29,Generic
202.0,38.75,206.7209302,3040,199,276,389,221,24,116,37324,198,83,99.0,22.627417,115,115,0.0,DNS,config.amcrestcloud.com,1206,254,21034.53711,4338.615234,121,1,1,1,Exploits
208.1162791,38.72093023,208.1162791,3105,181,271,389,221,24,116,53614,198,83,99.0,22.627417,115,115,0.0,DNS,config.amcrestcloud.com,904,254,6672.259766,4894.039551,57,1,4,4,Normal
201.8,36.95,212.4736842,2831,160,231,389,221,24,116,53,198,115,99.0,22.627417,115,83,0.0,DNS,config.amcrestcloud.com,8928,31,12400075.0,399326.9688,638,0,2,8,Normal
293.2229908,50.36093548,293.2229908,4675,443,407,395,222,27,118,49683,172,78,86.0,11.3137085,94,94,0.0,DNS,rtp3.runtopcam.com,1684,31,4348.871582,26704.96484,120,0,1,4,Normal
