Feature_1,Feature_2,Feature_3,Feature_4,Feature_5,Feature_6,Feature_7,Feature_8,Feature_9,Feature_10,Feature_11,Feature_12,Feature_13,Feature_14,Feature_15,Feature_16,Feature_17,Feature_18,Feature_19,Feature_20,Feature_21,Feature_22,Feature_23,Feature_24,Feature_25,Feature_26,Feature_27,Feature_28,Feature_29,Feature_30,Feature_31,Feature_32,Feature_33,Feature_34,Feature_35,Feature_36,Feature_37,Feature_38,Feature_39,Feature_40,Feature_41,Feature_42,Feature_43,Feature_44,Feature_45,Feature_46,Feature_47,Feature_48,Feature_49,Feature_50,Feature_51,Feature_52,Feature_53,Feature_54,Feature_55,Feature_56,Feature_57,Feature_58,Feature_59,Feature_60,Feature_61,Attack_Type
Benign,41,12,13.55276773,0,307.5905266,2149,52.41463415,12611,307.5905266,0,0,0,0,0,0,0,0,0,0,0,0.0,0,0,0,0,0,0.0,0.0,0.0,0,0,0,0,0,0,0,0,0,0,0,0,0,0,0,0,0,0,0,0,0,0,0,0,0,0,0,0,0,0,0,Malware
Benign,48,19,11.04949405,0,245.1301786,2148,44.75,11766,245.1301786,0,0,0,0,0,0,0,0,0,0,0,0.0,0,0,0,0,0,0.0,0.0,0.0,0,0,0,0,0,0,0,0,0,0,0,0,0,0,0,0,0,0,0,0,0,0,0,0,0,0,0,0,0,0,0,Malware
Ransomware-Shade-0b717d275d210a79f31a12946a83d5e13871ebdcf1b502a5025fb9eeb474e91f-10.raw,37,15,9.891891892,0,207.7567568,1430,38.64864865,7687,207.7567568,0,0,0,0,0,0,0,0,0,0,0,0.0,0,0,0,0,0,0.0,0.0,0.0,0,0,0,0,0,0,0,0,0,0,0,0,0,0,0,0,0,0,0,0,0,0,0,0,0,0,0,0,0,0,0,Malware
Benign,39,12,13.27582285,0,298.0657467,1992,51.07692308,11624,298.0657467,0,0,0,0,0,0,0,0,0,0,0,0.0,0,0,0,0,0,0.0,0.0,0.0,0,0,0,0,0,0,0,0,0,0,0,0,0,0,0,0,0,0,0,0,0,0,0,0,0,0,0,0,0,0,0,Malware
Benign,43,17,10.81395349,0,256.7906977,1890,43.95348837,11043,262.9285714,0,0,0,0,0,0,0,0,0,0,0,0.0,0,0,0,0,0,0.0,0.0,0.0,0,0,0,0,0,0,0,0,0,0,0,0,0,0,0,0,0,0,0,0,0,0,0,0,0,0,0,0,0,0,0,Malware
Benign,42,12,12.39464897,0,274.1041531,2049,47.94164111,11719,281.6718958,0,0,0,0,0,0,0,0,0,0,0,0.0,0,0,0,0,0,0.0,0.0,0.0,0,0,0,0,0,0,0,0,0,0,0,0,0,0,0,0,0,0,0,0,0,0,0,0,0,0,0,0,0,0,0,Malware
Ransomware-Conti-01b9d0bda30224d60219e5290eef3bfbd645be0d35e9637541266138ba1d7fad-3.raw,44,17,9.340909091,0,198.7727273,1661,37.75,8746,198.7727273,0,0,0,0,0,0,0,0,0,0,0,0.0,0,0,0,0,0,0.0,0.0,0.0,0,0,0,0,0,0,0,0,0,0,0,0,0,0,0,0,0,0,0,0,0,0,0,0,0,0,0,0,0,0,0,Malware
Benign,41,16,11.24390244,0,258.8848465,1821,44.41463415,10615,265.3819677,0,0,0,0,0,0,0,0,0,0,0,0.0,0,0,0,0,0,0.0,0.0,0.0,0,0,0,0,0,0,0,0,0,0,0,0,0,0,0,0,0,0,0,0,0,0,0,0,0,0,0,0,0,0,0,Malware
Ransomware-Maze-9050e9267d341d878e1cc4df65d3bb657c1d46d198fbcf37b679b9d3c770b368-1.raw,45,17,10.06666667,0,197.1777778,1663,36.95555556,8874,201.6818182,0,0,0,0,0,0,0,0,0,0,0,0.0,0,0,0,0,0,0.0,0.0,0.0,0,0,0,0,0,0,0,0,0,0,0,0,0,0,0,0,0,0,0,0,0,0,0,0,0,0,0,0,0,0,0,Malware
Ransomware-Pysa-70c66fe15fdf9257e2e49a78477471f7cdf423bf6f0667f7411285b4a71dd840-7.raw,47,21,9.127659574,0,191.3191489,1651,35.12765957,8997,214.2142857,0,0,0,0,0,0,0,0,0,0,0,0.0,0,0,0,0,0,0.0,0.0,0.0,0,0,0,0,0,0,0,0,0,0,0,0,0,0,0,0,0,0,0,0,0,0,0,0,0,0,0,0,0,0,0,Malware
Benign,40,12,13.09951662,0,298.8041299,2000,50.0,11952,298.8041299,0,0,0,0,0,0,0,0,0,0,0,0.0,0,0,0,0,0,0.0,0.0,0.0,0,0,0,0,0,0,0,0,0,0,0,0,0,0,0,0,0,0,0,0,0,0,0,0,0,0,0,0,0,0,0,Malware
Benign,43,17,10.81395349,0,254.2343759,1853,43.10928718,10933,260.3113848,0,0,0,0,0,0,0,0,0,0,0,0.0,0,0,0,0,0,0.0,0.0,0.0,0,0,0,0,0,0,0,0,0,0,0,0,0,0,0,0,0,0,0,0,0,0,0,0,0,0,0,0,0,0,0,Malware
Benign,43,17,10.82382992,0,253.0324791,1904,43.71310523,11025,259.0028467,0,0,0,0,0,0,0,0,0,0,0,0.0,0,0,0,0,0,0.0,0.0,0.0,0,0,0,0,0,0,0,0,0,0,0,0,0,0,0,0,0,0,0,0,0,0,0,0,0,0,0,0,0,0,0,Malware
Spyware-180solutions-0e38071f509521db8ebd8e372271da5c60bd1298c5fc23960dbe1cabbe064ad5-7.raw,41,16,9.365853659,0,201.8536585,1542,37.6097561,8276,201.8536585,0,0,0,0,0,0,0,0,0,0,0,0.0,0,0,0,0,0,0.0,0.0,0.0,0,0,0,0,0,0,0,0,0,0,0,0,0,0,0,0,0,0,0,0,0,0,0,0,0,0,0,0,0,0,0,Malware
Benign,44,12,12.46503788,0,286.1923106,2153,48.93181818,12592,286.1923106,0,0,0,0,0,0,0,0,0,0,0,0.0,0,0,0,0,0,0.0,0.0,0.0,0,0,0,0,0,0,0,0,0,0,0,0,0,0,0,0,0,0,0,0,0,0,0,0,0,0,0,0,0,0,0,Malware
Benign,40,12,13.32846978,0,305.2708187,2082,52.05,12210,305.2708187,0,0,0,0,0,0,0,0,0,0,0,0.0,0,0,0,0,0,0.0,0.0,0.0,0,0,0,0,0,0,0,0,0,0,0,0,0,0,0,0,0,0,0,0,0,0,0,0,0,0,0,0,0,0,0,Malware
Benign,41,12,13.17073171,0,292.8292683,2067,50.41463415,12006,292.8292683,0,0,0,0,0,0,0,0,0,0,0,0.0,0,0,0,0,0,0.0,0.0,0.0,0,0,0,0,0,0,0,0,0,0,0,0,0,0,0,0,0,0,0,0,0,0,0,0,0,0,0,0,0,0,0,Malware
Benign,49,17,11.97515449,0,261.6537621,2242,45.18183454,12989,261.6537621,0,0,0,0,0,0,0,0,0,0,0,0.0,0,0,0,0,0,0.0,0.0,0.0,0,0,0,0,0,0,0,0,0,0,0,0,0,0,0,0,0,0,0,0,0,0,0,0,0,0,0,0,0,0,0,Malware
Benign,41,14,13.63641586,0,298.3818839,2064,50.34146341,12233,298.3818839,0,0,0,0,0,0,0,0,0,0,0,0.0,0,0,0,0,0,0.0,0.0,0.0,0,0,0,0,0,0,0,0,0,0,0,0,0,0,0,0,0,0,0,0,0,0,0,0,0,0,0,0,0,0,0,Malware
Benign,42,12,13.19198855,0,306.4290466,2159,51.4047619,12870,306.4290466,0,0,0,0,0,0,0,0,0,0,0,0.0,0,0,0,0,0,0.0,0.0,0.0,0,0,0,0,0,0,0,0,0,0,0,0,0,0,0,0,0,0,0,0,0,0,0,0,0,0,0,0,0,0,0,Malware
Benign,39,12,12.839018,0,292.3822368,1941,49.76923077,11402,292.3822368,0,0,0,0,0,0,0,0,0,0,0,0.0,0,0,0,0,0,0.0,0.0,0.0,0,0,0,0,0,0,0,0,0,0,0,0,0,0,0,0,0,0,0,0,0,0,0,0,0,0,0,0,0,0,0,Malware
Ransomware-Conti-1ade5d37872ec141b50cae8da0636e1296aee2c597d4e36d84e329c7939f4ea2-5.raw,44,17,9.272727273,0,198.5909091,1671,37.97727273,8738,198.5909091,0,0,0,0,0,0,0,0,0,0,0,0.0,0,0,0,0,0,0.0,0.0,0.0,0,0,0,0,0,0,0,0,0,0,0,0,0,0,0,0,0,0,0,0,0,0,0,0,0,0,0,0,0,0,0,Malware
Benign,40,14,14.12457504,0,278.8979352,1904,47.56584257,11163,282.3573275,0,0,0,0,0,0,0,0,0,0,0,0.0,0,0,0,0,0,0.0,0.0,0.0,0,0,0,0,0,0,0,0,0,0,0,0,0,0,0,0,0,0,0,0,0,0,0,0,0,0,0,0,0,0,0,Malware
Benign,44,12,12.56645458,0,286.5224541,2153,48.93181818,12606,286.5224541,0,0,0,0,0,0,0,0,0,0,0,0.0,0,0,0,0,0,0.0,0.0,0.0,0,0,0,0,0,0,0,0,0,0,0,0,0,0,0,0,0,0,0,0,0,0,0,0,0,0,0,0,0,0,0,Malware
Ransomware-Conti-0f9af2ef6047035de8afae961cf2ef5da7a12edd09666870d36fe5f613b4b370-7.raw,41,16,9.390243902,0,203.5609756,1557,37.97560976,8346,203.5609756,0,0,0,0,0,0,0,0,0,0,0,0.0,0,0,0,0,0,0.0,0.0,0.0,0,0,0,0,0,0,0,0,0,0,0,0,0,0,0,0,0,0,0,0,0,0,0,0,0,0,0,0,0,0,0,Malware
Benign,40,13,13.67659297,0,297.7902228,2054,50.35501673,12149,297.7902228,0,0,0,0,0,0,0,0,0,0,0,0.0,0,0,0,0,0,0.0,0.0,0.0,0,0,0,0,0,0,0,0,0,0,0,0,0,0,0,0,0,0,0,0,0,0,0,0,0,0,0,0,0,0,0,Malware
Benign,40,12,13.50062688,0,308.4074056,2088,52.2,12336,308.4074056,0,0,0,0,0,0,0,0,0,0,0,0.0,0,0,0,0,0,0.0,0.0,0.0,0,0,0,0,0,0,0,0,0,0,0,0,0,0,0,0,0,0,0,0,0,0,0,0,0,0,0,0,0,0,0,Malware
Benign,41,12,12.97560976,0,294.9281494,2029,49.48780488,12092,294.9281494,0,0,0,0,0,0,0,0,0,0,0,0.0,0,0,0,0,0,0.0,0.0,0.0,0,0,0,0,0,0,0,0,0,0,0,0,0,0,0,0,0,0,0,0,0,0,0,0,0,0,0,0,0,0,0,Malware
Benign,41,12,13.14328009,0,301.3222637,2047,49.92682927,12354,301.3222637,0,0,0,0,0,0,0,0,0,0,0,0.0,0,0,0,0,0,0.0,0.0,0.0,0,0,0,0,0,0,0,0,0,0,0,0,0,0,0,0,0,0,0,0,0,0,0,0,0,0,0,0,0,0,0,Malware
Benign,39,12,13.44211791,0,303.1989077,1995,51.16760953,11824,303.1989077,0,0,0,0,0,0,0,0,0,0,0,0.0,0,0,0,0,0,0.0,0.0,0.0,0,0,0,0,0,0,0,0,0,0,0,0,0,0,0,0,0,0,0,0,0,0,0,0,0,0,0,0,0,0,0,Malware
Spyware-180solutions-1a1fdb6955c9eb757bb239659641b3c7e5fda22dd189f955f93ad0843bb7a14b-6.raw,43,17,9.23255814,0,195.9767442,1581,36.76744186,8428,200.6666667,0,0,0,0,0,0,0,0,0,0,0,0.0,0,0,0,0,0,0.0,0.0,0.0,0,0,0,0,0,0,0,0,0,0,0,0,0,0,0,0,0,0,0,0,0,0,0,0,0,0,0,0,0,0,0,Malware
Ransomware-Pysa-14f5c64f73edd0e19eee4aba150751418bcf39c61ae5a833f1ec5ae57af3a075-6.raw,37,15,10.05405405,0,215.0810811,1444,39.02702703,7958,215.0810811,0,0,0,0,0,0,0,0,0,0,0,0.0,0,0,0,0,0,0.0,0.0,0.0,0,0,0,0,0,0,0,0,0,0,0,0,0,0,0,0,0,0,0,0,0,0,0,0,0,0,0,0,0,0,0,Malware
Benign,41,14,12.81619549,0,288.9399021,2050,50.0,11846,288.9399021,0,0,0,0,0,0,0,0,0,0,0,0.0,0,0,0,0,0,0.0,0.0,0.0,0,0,0,0,0,0,0,0,0,0,0,0,0,0,0,0,0,0,0,0,0,0,0,0,0,0,0,0,0,0,0,Malware
Benign,40,13,12.9513686,0,292.9895529,2018,50.45,11719,292.9895529,0,0,0,0,0,0,0,0,0,0,0,0.0,0,0,0,0,0,0.0,0.0,0.0,0,0,0,0,0,0,0,0,0,0,0,0,0,0,0,0,0,0,0,0,0,0,0,0,0,0,0,0,0,0,0,Malware
Benign,40,12,12.47534881,0,284.0263952,1942,48.55,11362,291.3347643,0,0,0,0,0,0,0,0,0,0,0,0.0,0,0,0,0,0,0.0,0.0,0.0,0,0,0,0,0,0,0,0,0,0,0,0,0,0,0,0,0,0,0,0,0,0,0,0,0,0,0,0,0,0,0,Malware
Ransomware-Maze-9525df2105b6fc417049a7378fe4bbc8f01b055fadd9ade7c7cfa61280e73ad9-1.raw,42,16,10.73809524,0,208.7619048,1618,38.52380952,8768,208.7619048,0,0,0,0,0,0,0,0,0,0,0,0.0,0,0,0,0,0,0.0,0.0,0.0,0,0,0,0,0,0,0,0,0,0,0,0,0,0,0,0,0,0,0,0,0,0,0,0,0,0,0,0,0,0,0,Malware
Benign,41,13,13.35476471,0,291.3791356,2062,50.30820434,11946,291.3791356,0,0,0,0,0,0,0,0,0,0,0,0.0,0,0,0,0,0,0.0,0.0,0.0,0,0,0,0,0,0,0,0,0,0,0,0,0,0,0,0,0,0,0,0,0,0,0,0,0,0,0,0,0,0,0,Malware
Benign,42,12,12.72838065,0,293.8423834,2102,49.42602731,12496,293.8423834,0,0,0,0,0,0,0,0,0,0,0,0.0,0,0,0,0,0,0.0,0.0,0.0,0,0,0,0,0,0,0,0,0,0,0,0,0,0,0,0,0,0,0,0,0,0,0,0,0,0,0,0,0,0,0,Malware
Ransomware-Maze-6666c8ec8a82e24894a183945ea1051230ca6434d8fbdd7cba77b624f71bc0f9-1.raw,53,18,8.905660377,0,173.9056604,1775,33.49056604,9218,177.2692308,0,0,0,0,0,0,0,0,0,0,0,0.0,0,0,0,0,0,0.0,0.0,0.0,0,0,0,0,0,0,0,0,0,0,0,0,0,0,0,0,0,0,0,0,0,0,0,0,0,0,0,0,0,0,0,Malware
Benign,40,12,13.20700993,0,300.9845529,2054,51.35186091,12039,300.9845529,0,0,0,0,0,0,0,0,0,0,0,0.0,0,0,0,0,0,0.0,0.0,0.0,0,0,0,0,0,0,0,0,0,0,0,0,0,0,0,0,0,0,0,0,0,0,0,0,0,0,0,0,0,0,0,Malware
Benign,40,12,13.1750873,0,303.8747818,2088,52.2,12154,303.8747818,0,0,0,0,0,0,0,0,0,0,0,0.0,0,0,0,0,0,0.0,0.0,0.0,0,0,0,0,0,0,0,0,0,0,0,0,0,0,0,0,0,0,0,0,0,0,0,0,0,0,0,0,0,0,0,Malware
Benign,40,12,12.85,0,292.575,1985,49.625,11703,292.575,0,0,0,0,0,0,0,0,0,0,0,0.0,0,0,0,0,0,0.0,0.0,0.0,0,0,0,0,0,0,0,0,0,0,0,0,0,0,0,0,0,0,0,0,0,0,0,0,0,0,0,0,0,0,0,Malware
Benign,41,12,13.22390793,0,293.1915046,2067,50.41463415,12020,293.1915046,0,0,0,0,0,0,0,0,0,0,0,0.0,0,0,0,0,0,0.0,0.0,0.0,0,0,0,0,0,0,0,0,0,0,0,0,0,0,0,0,0,0,0,0,0,0,0,0,0,0,0,0,0,0,0,Malware
Benign,43,12,13.25154708,0,299.958292,2223,51.69767442,12898,299.958292,0,0,0,0,0,0,0,0,0,0,0,0.0,0,0,0,0,0,0.0,0.0,0.0,0,0,0,0,0,0,0,0,0,0,0,0,0,0,0,0,0,0,0,0,0,0,0,0,0,0,0,0,0,0,0,Malware
Benign,40,12,13.08073211,0,303.5576428,2088,52.2,12142,303.5576428,0,0,0,0,0,0,0,0,0,0,0,0.0,0,0,0,0,0,0.0,0.0,0.0,0,0,0,0,0,0,0,0,0,0,0,0,0,0,0,0,0,0,0,0,0,0,0,0,0,0,0,0,0,0,0,Malware
Benign,54,20,11.63354938,0,273.4407585,2578,47.66285494,14792,274.461664,0,0,0,0,0,0,0,0,0,0,0,0.0,0,0,0,0,0,0.0,0.0,0.0,0,0,0,0,0,0,0,0,0,0,0,0,0,0,0,0,0,0,0,0,0,0,0,0,0,0,0,0,0,0,0,Malware
Benign,44,13,12.40162812,0,278.9847355,2196,49.90909091,12275,278.9847355,0,0,0,0,0,0,0,0,0,0,0,0.0,0,0,0,0,0,0.0,0.0,0.0,0,0,0,0,0,0,0,0,0,0,0,0,0,0,0,0,0,0,0,0,0,0,0,0,0,0,0,0,0,0,0,Malware
Benign,41,13,13.62072823,0,313.615417,2134,52.05080721,12858,313.615417,0,0,0,0,0,0,0,0,0,0,0,0.0,0,0,0,0,0,0.0,0.0,0.0,0,0,0,0,0,0,0,0,0,0,0,0,0,0,0,0,0,0,0,0,0,0,0,0,0,0,0,0,0,0,0,Malware
Benign,43,17,10.81395349,0,256.7893908,1890,43.95348837,11042,262.9272334,0,0,0,0,0,0,0,0,0,0,0,0.0,0,0,0,0,0,0.0,0.0,0.0,0,0,0,0,0,0,0,0,0,0,0,0,0,0,0,0,0,0,0,0,0,0,0,0,0,0,0,0,0,0,0,Malware
Benign,50,22,11.07410509,0,272.695156,2448,48.96,13634,272.695156,0,0,0,0,0,0,0,0,0,0,0,0.0,0,0,0,0,0,0.0,0.0,0.0,0,0,0,0,0,0,0,0,0,0,0,0,0,0,0,0,0,0,0,0,0,0,0,0,0,0,0,0,0,0,0,Malware
0,0,0,0.0,0,0.0,0,0.0,0,0.0,55446,80,6,4,0,0,1666100000000,1666100000000,60191,9,0,0.0,0,0,0,0,0,0.0,0.0,0.0,0,0,0,0,0,0,0,0,0,0,0,0,0,0,0,0,0,0,0,0,0,0,0,0,0,0,0,0,0,0,0,MITM
0,0,0,0.0,0,0.0,0,0.0,0,0.0,10812,32100,17,4,0,0,1666100000000,1666100000000,146,2,0,0.0,0,0,0,0,0,0.0,0.0,0.0,0,0,0,0,0,0,0,0,0,0,0,0,0,0,0,0,0,0,0,0,0,0,0,0,0,0,0,0,0,0,0,MITM
0,0,0,0.0,0,0.0,0,0.0,0,0.0,52133,80,6,4,0,0,1666100000000,1666100000000,3198,3,0,0.0,0,0,0,0,0,0.0,0.0,0.0,0,0,0,0,0,0,0,0,0,0,0,0,0,0,0,0,0,0,0,0,0,0,0,0,0,0,0,0,0,0,0,MITM
0,0,0,0.0,0,0.0,0,0.0,0,0.0,53,46747,17,4,0,0,1666040000000,1666040000000,9,2,0,0.0,0,0,0,0,0,0.0,0.0,0.0,0,0,0,0,0,0,0,0,0,0,0,0,0,0,0,0,0,0,0,0,0,0,0,0,0,0,0,0,0,0,0,MITM
0,0,0,0.0,0,0.0,0,0.0,0,0.0,53,33830,17,4,0,0,1666040000000,1666040000000,10,2,0,0.0,0,0,0,0,0,0.0,0.0,0.0,0,0,0,0,0,0,0,0,0,0,0,0,0,0,0,0,0,0,0,0,0,0,0,0,0,0,0,0,0,0,0,MITM
0,0,0,0.0,0,0.0,0,0.0,0,0.0,34172,443,6,4,0,0,1666100000000,1666100000000,290104,93,0,0.0,0,0,0,0,0,0.0,0.0,0.0,0,0,0,0,0,0,0,0,0,0,0,0,0,0,0,0,0,0,0,0,0,0,0,0,0,0,0,0,0,0,0,MITM
0,0,0,0.0,0,0.0,0,0.0,0,0.0,38891,123,17,4,0,0,1666040000000,1666040000000,0,1,0,0.0,0,0,0,0,0,0.0,0.0,0.0,0,0,0,0,0,0,0,0,0,0,0,0,0,0,0,0,0,0,0,0,0,0,0,0,0,0,0,0,0,0,0,MITM
0,0,0,0.0,0,0.0,0,0.0,0,0.0,5353,5353,17,4,0,0,1666040000000,1666040000000,198840,7,0,0.0,0,0,0,0,0,0.0,0.0,0.0,0,0,0,0,0,0,0,0,0,0,0,0,0,0,0,0,0,0,0,0,0,0,0,0,0,0,0,0,0,0,0,MITM
0,0,0,0.0,0,0.0,0,0.0,0,0.0,36085,1341,17,4,0,0,1666040000000,1666040000000,525,2,0,0.0,0,0,0,0,0,0.0,0.0,0.0,0,0,0,0,0,0,0,0,0,0,0,0,0,0,0,0,0,0,0,0,0,0,0,0,0,0,0,0,0,0,0,MITM
0,0,0,0.0,0,0.0,0,0.0,0,0.0,60458,53,17,4,0,0,1666100000000,1666100000000,175,4,0,0.0,0,0,0,0,0,0.0,0.0,0.0,0,0,0,0,0,0,0,0,0,0,0,0,0,0,0,0,0,0,0,0,0,0,0,0,0,0,0,0,0,0,0,MITM
0,0,0,0.0,0,0.0,0,0.0,0,0.0,47668,53,17,4,0,0,1666100000000,1666100000000,23,2,0,0.0,0,0,0,0,0,0.0,0.0,0.0,0,0,0,0,0,0,0,0,0,0,0,0,0,0,0,0,0,0,0,0,0,0,0,0,0,0,0,0,0,0,0,MITM
0,0,0,0.0,0,0.0,0,0.0,0,0.0,53,35618,17,4,0,0,1666100000000,1666100000000,3,2,0,0.0,0,0,0,0,0,0.0,0.0,0.0,0,0,0,0,0,0,0,0,0,0,0,0,0,0,0,0,0,0,0,0,0,0,0,0,0,0,0,0,0,0,0,MITM
0,0,0,0.0,0,0.0,0,0.0,0,0.0,40308,80,6,4,0,0,1666100000000,1666100000000,34,10,0,0.0,0,0,0,0,0,0.0,0.0,0.0,0,0,0,0,0,0,0,0,0,0,0,0,0,0,0,0,0,0,0,0,0,0,0,0,0,0,0,0,0,0,0,MITM
0,0,0,0.0,0,0.0,0,0.0,0,0.0,53,37193,17,4,0,0,1666040000000,1666040000000,5,2,0,0.0,0,0,0,0,0,0.0,0.0,0.0,0,0,0,0,0,0,0,0,0,0,0,0,0,0,0,0,0,0,0,0,0,0,0,0,0,0,0,0,0,0,0,MITM
0,0,0,0.0,0,0.0,0,0.0,0,0.0,6897,443,6,4,0,0,1666100000000,1666100000000,180775,31,0,0.0,0,0,0,0,0,0.0,0.0,0.0,0,0,0,0,0,0,0,0,0,0,0,0,0,0,0,0,0,0,0,0,0,0,0,0,0,0,0,0,0,0,0,MITM
0,0,0,0.0,0,0.0,0,0.0,0,0.0,53,53425,17,4,0,0,1666040000000,1666040000000,10,2,0,0.0,0,0,0,0,0,0.0,0.0,0.0,0,0,0,0,0,0,0,0,0,0,0,0,0,0,0,0,0,0,0,0,0,0,0,0,0,0,0,0,0,0,0,MITM
0,0,0,0.0,0,0.0,0,0.0,0,0.0,45031,53,17,4,0,0,1666040000000,1666040000000,14,2,0,0.0,0,0,0,0,0,0.0,0.0,0.0,0,0,0,0,0,0,0,0,0,0,0,0,0,0,0,0,0,0,0,0,0,0,0,0,0,0,0,0,0,0,0,MITM
0,0,0,0.0,0,0.0,0,0.0,0,0.0,37759,80,6,4,0,0,1666040000000,1666040000000,7000,4,0,0.0,0,0,0,0,0,0.0,0.0,0.0,0,0,0,0,0,0,0,0,0,0,0,0,0,0,0,0,0,0,0,0,0,0,0,0,0,0,0,0,0,0,0,MITM
0,0,0,0.0,0,0.0,0,0.0,0,0.0,23318,32102,17,4,0,0,1666100000000,1666100000000,4631,5,0,0.0,0,0,0,0,0,0.0,0.0,0.0,0,0,0,0,0,0,0,0,0,0,0,0,0,0,0,0,0,0,0,0,0,0,0,0,0,0,0,0,0,0,0,MITM
0,0,0,0.0,0,0.0,0,0.0,0,0.0,54987,443,6,4,0,0,1666100000000,1666100000000,58864,50,0,0.0,0,0,0,0,0,0.0,0.0,0.0,0,0,0,0,0,0,0,0,0,0,0,0,0,0,0,0,0,0,0,0,0,0,0,0,0,0,0,0,0,0,0,MITM
0,0,0,0.0,0,0.0,0,0.0,0,0.0,59958,53,17,4,0,0,1666100000000,1666100000000,20,2,0,0.0,0,0,0,0,0,0.0,0.0,0.0,0,0,0,0,0,0,0,0,0,0,0,0,0,0,0,0,0,0,0,0,0,0,0,0,0,0,0,0,0,0,0,MITM
0,0,0,0.0,0,0.0,0,0.0,0,0.0,49868,443,6,4,0,0,1666100000000,1666100000000,324,27,0,0.0,0,0,0,0,0,0.0,0.0,0.0,0,0,0,0,0,0,0,0,0,0,0,0,0,0,0,0,0,0,0,0,0,0,0,0,0,0,0,0,0,0,0,MITM
0,0,0,0.0,0,0.0,0,0.0,0,0.0,53970,1341,17,4,0,0,1666040000000,1666040000000,547,2,0,0.0,0,0,0,0,0,0.0,0.0,0.0,0,0,0,0,0,0,0,0,0,0,0,0,0,0,0,0,0,0,0,0,0,0,0,0,0,0,0,0,0,0,0,MITM
0,0,0,0.0,0,0.0,0,0.0,0,0.0,54811,443,6,4,0,0,1666100000000,1666100000000,6988,46,0,0.0,0,0,0,0,0,0.0,0.0,0.0,0,0,0,0,0,0,0,0,0,0,0,0,0,0,0,0,0,0,0,0,0,0,0,0,0,0,0,0,0,0,0,MITM
0,0,0,0.0,0,0.0,0,0.0,0,0.0,52054,443,6,4,0,0,1666100000000,1666100000000,275097,18,0,0.0,0,0,0,0,0,0.0,0.0,0.0,0,0,0,0,0,0,0,0,0,0,0,0,0,0,0,0,0,0,0,0,0,0,0,0,0,0,0,0,0,0,0,MITM
0,0,0,0.0,0,0.0,0,0.0,0,0.0,0,0,1,4,0,0,1666100000000,1666100000000,0,1,0,0.0,0,0,0,0,0,0.0,0.0,0.0,0,0,0,0,0,0,0,0,0,0,0,0,0,0,0,0,0,0,0,0,0,0,0,0,0,0,0,0,0,0,0,MITM
0,0,0,0.0,0,0.0,0,0.0,0,0.0,28082,32100,17,4,0,0,1666100000000,1666100000000,62,2,0,0.0,0,0,0,0,0,0.0,0.0,0.0,0,0,0,0,0,0,0,0,0,0,0,0,0,0,0,0,0,0,0,0,0,0,0,0,0,0,0,0,0,0,0,MITM
0,0,0,0.0,0,0.0,0,0.0,0,0.0,11593,32100,17,4,0,0,1666100000000,1666100000000,171,2,0,0.0,0,0,0,0,0,0.0,0.0,0.0,0,0,0,0,0,0,0,0,0,0,0,0,0,0,0,0,0,0,0,0,0,0,0,0,0,0,0,0,0,0,0,MITM
0,0,0,0.0,0,0.0,0,0.0,0,0.0,53,46781,17,4,0,0,1666100000000,1666100000000,11,2,0,0.0,0,0,0,0,0,0.0,0.0,0.0,0,0,0,0,0,0,0,0,0,0,0,0,0,0,0,0,0,0,0,0,0,0,0,0,0,0,0,0,0,0,0,MITM
0,0,0,0.0,0,0.0,0,0.0,0,0.0,53,40720,17,4,0,0,1666100000000,1666100000000,10,2,0,0.0,0,0,0,0,0,0.0,0.0,0.0,0,0,0,0,0,0,0,0,0,0,0,0,0,0,0,0,0,0,0,0,0,0,0,0,0,0,0,0,0,0,0,MITM
0,0,0,0.0,0,0.0,0,0.0,0,0.0,57717,53,17,4,0,0,1666100000000,1666100000000,95,2,0,0.0,0,0,0,0,0,0.0,0.0,0.0,0,0,0,0,0,0,0,0,0,0,0,0,0,0,0,0,0,0,0,0,0,0,0,0,0,0,0,0,0,0,0,MITM
0,0,0,0.0,0,0.0,0,0.0,0,0.0,37132,80,6,4,0,0,1666100000000,1666100000000,313,10,0,0.0,0,0,0,0,0,0.0,0.0,0.0,0,0,0,0,0,0,0,0,0,0,0,0,0,0,0,0,0,0,0,0,0,0,0,0,0,0,0,0,0,0,0,MITM
0,0,0,0.0,0,0.0,0,0.0,0,0.0,53,41188,17,4,0,0,1666040000000,1666040000000,10,2,0,0.0,0,0,0,0,0,0.0,0.0,0.0,0,0,0,0,0,0,0,0,0,0,0,0,0,0,0,0,0,0,0,0,0,0,0,0,0,0,0,0,0,0,0,MITM
0,0,0,0.0,0,0.0,0,0.0,0,0.0,54891,443,6,4,0,0,1666100000000,1666100000000,8915,22,0,0.0,0,0,0,0,0,0.0,0.0,0.0,0,0,0,0,0,0,0,0,0,0,0,0,0,0,0,0,0,0,0,0,0,0,0,0,0,0,0,0,0,0,0,MITM
0,0,0,0.0,0,0.0,0,0.0,0,0.0,56327,53,17,4,0,0,1666040000000,1666040000000,6,2,0,0.0,0,0,0,0,0,0.0,0.0,0.0,0,0,0,0,0,0,0,0,0,0,0,0,0,0,0,0,0,0,0,0,0,0,0,0,0,0,0,0,0,0,0,MITM
0,0,0,0.0,0,0.0,0,0.0,0,0.0,53,56034,17,4,0,0,1666100000000,1666100000000,10,2,0,0.0,0,0,0,0,0,0.0,0.0,0.0,0,0,0,0,0,0,0,0,0,0,0,0,0,0,0,0,0,0,0,0,0,0,0,0,0,0,0,0,0,0,0,MITM
0,0,0,0.0,0,0.0,0,0.0,0,0.0,53,36408,17,4,0,0,1666040000000,1666040000000,9,2,0,0.0,0,0,0,0,0,0.0,0.0,0.0,0,0,0,0,0,0,0,0,0,0,0,0,0,0,0,0,0,0,0,0,0,0,0,0,0,0,0,0,0,0,0,MITM
0,0,0,0.0,0,0.0,0,0.0,0,0.0,6781,443,6,4,0,0,1666100000000,1666100000000,92224,22,0,0.0,0,0,0,0,0,0.0,0.0,0.0,0,0,0,0,0,0,0,0,0,0,0,0,0,0,0,0,0,0,0,0,0,0,0,0,0,0,0,0,0,0,0,MITM
0,0,0,0.0,0,0.0,0,0.0,0,0.0,44690,8877,17,4,0,0,1666100000000,1666100000000,20543,4,0,0.0,0,0,0,0,0,0.0,0.0,0.0,0,0,0,0,0,0,0,0,0,0,0,0,0,0,0,0,0,0,0,0,0,0,0,0,0,0,0,0,0,0,0,MITM
0,0,0,0.0,0,0.0,0,0.0,0,0.0,443,53880,6,4,0,0,1666040000000,1666040000000,259,10,0,0.0,0,0,0,0,0,0.0,0.0,0.0,0,0,0,0,0,0,0,0,0,0,0,0,0,0,0,0,0,0,0,0,0,0,0,0,0,0,0,0,0,0,0,MITM
0,0,0,0.0,0,0.0,0,0.0,0,0.0,48901,53,17,4,0,0,1666100000000,1666100000000,21,2,0,0.0,0,0,0,0,0,0.0,0.0,0.0,0,0,0,0,0,0,0,0,0,0,0,0,0,0,0,0,0,0,0,0,0,0,0,0,0,0,0,0,0,0,0,MITM
0,0,0,0.0,0,0.0,0,0.0,0,0.0,57995,53,17,4,0,0,1666040000000,1666040000000,21,2,0,0.0,0,0,0,0,0,0.0,0.0,0.0,0,0,0,0,0,0,0,0,0,0,0,0,0,0,0,0,0,0,0,0,0,0,0,0,0,0,0,0,0,0,0,MITM
0,0,0,0.0,0,0.0,0,0.0,0,0.0,0,0,58,6,0,0,1666100000000,1666100000000,135167,16,0,0.0,0,0,0,0,0,0.0,0.0,0.0,0,0,0,0,0,0,0,0,0,0,0,0,0,0,0,0,0,0,0,0,0,0,0,0,0,0,0,0,0,0,0,MITM
0,0,0,0.0,0,0.0,0,0.0,0,0.0,49968,443,6,4,0,0,1666100000000,1666100000000,58753,34,0,0.0,0,0,0,0,0,0.0,0.0,0.0,0,0,0,0,0,0,0,0,0,0,0,0,0,0,0,0,0,0,0,0,0,0,0,0,0,0,0,0,0,0,0,MITM
0,0,0,0.0,0,0.0,0,0.0,0,0.0,60837,53,17,4,0,0,1666100000000,1666100000000,32,4,0,0.0,0,0,0,0,0,0.0,0.0,0.0,0,0,0,0,0,0,0,0,0,0,0,0,0,0,0,0,0,0,0,0,0,0,0,0,0,0,0,0,0,0,0,MITM
0,0,0,0.0,0,0.0,0,0.0,0,0.0,52301,443,17,4,0,0,1666100000000,1666100000000,163,20,0,0.0,0,0,0,0,0,0.0,0.0,0.0,0,0,0,0,0,0,0,0,0,0,0,0,0,0,0,0,0,0,0,0,0,0,0,0,0,0,0,0,0,0,0,MITM
0,0,0,0.0,0,0.0,0,0.0,0,0.0,53,36087,17,4,0,0,1666100000000,1666100000000,11,2,0,0.0,0,0,0,0,0,0.0,0.0,0.0,0,0,0,0,0,0,0,0,0,0,0,0,0,0,0,0,0,0,0,0,0,0,0,0,0,0,0,0,0,0,0,MITM
0,0,0,0.0,0,0.0,0,0.0,0,0.0,53,35442,17,4,0,0,1666100000000,1666100000000,10,2,0,0.0,0,0,0,0,0,0.0,0.0,0.0,0,0,0,0,0,0,0,0,0,0,0,0,0,0,0,0,0,0,0,0,0,0,0,0,0,0,0,0,0,0,0,MITM
0,0,0,0.0,0,0.0,0,0.0,0,0.0,60028,8443,6,4,0,0,1666100000000,1666100000000,805,21,0,0.0,0,0,0,0,0,0.0,0.0,0.0,0,0,0,0,0,0,0,0,0,0,0,0,0,0,0,0,0,0,0,0,0,0,0,0,0,0,0,0,0,0,0,MITM
0,0,0,0.0,0,0.0,0,0.0,0,0.0,26273,32100,17,4,0,0,1666040000000,1666040000000,197,2,0,0.0,0,0,0,0,0,0.0,0.0,0.0,0,0,0,0,0,0,0,0,0,0,0,0,0,0,0,0,0,0,0,0,0,0,0,0,0,0,0,0,0,0,0,MITM
0,0,0,0.0,0,0.0,0,0.0,0,0.0,0,0,0,0,0,0,0,0,0,0,32368,0.110014,tcp,-,FIN,72,74,4238.0,63516.0,1318.014082,0,0,0,0,0,0,0,0,0,0,0,0,0,0,0,0,0,0,0,0,0,0,0,0,0,0,0,0,0,0,0,Password
0,0,0,0.0,0,0.0,0,0.0,0,0.0,0,0,0,0,0,0,0,0,0,0,16371,0.035953,tcp,-,FIN,68,70,4014.0,59460.0,3810.530395,0,0,0,0,0,0,0,0,0,0,0,0,0,0,0,0,0,0,0,0,0,0,0,0,0,0,0,0,0,0,0,Password
0,0,0,0.0,0,0.0,0,0.0,0,0.0,0,0,0,0,0,0,0,0,0,0,71336,0.0,arp,-,INT,1,0,46.0,0.0,0.0,0,0,0,0,0,0,0,0,0,0,0,0,0,0,0,0,0,0,0,0,0,0,0,0,0,0,0,0,0,0,0,Password
0,0,0,0.0,0,0.0,0,0.0,0,0.0,0,0,0,0,0,0,0,0,0,0,18238,0.067919,tcp,-,FIN,64,66,3806.0,54798.0,1899.321223,0,0,0,0,0,0,0,0,0,0,0,0,0,0,0,0,0,0,0,0,0,0,0,0,0,0,0,0,0,0,0,Password
0,0,0,0.0,0,0.0,0,0.0,0,0.0,0,0,0,0,0,0,0,0,0,0,53067,1.250442,ospf,-,INT,42,0,1890.0,0.0,32.788405,0,0,0,0,0,0,0,0,0,0,0,0,0,0,0,0,0,0,0,0,0,0,0,0,0,0,0,0,0,0,0,Password
0,0,0,0.0,0,0.0,0,0.0,0,0.0,0,0,0,0,0,0,0,0,0,0,66644,5e-06,encap,-,INT,2,0,200.0,0.0,200000.0051,0,0,0,0,0,0,0,0,0,0,0,0,0,0,0,0,0,0,0,0,0,0,0,0,0,0,0,0,0,0,0,Password
0,0,0,0.0,0,0.0,0,0.0,0,0.0,0,0,0,0,0,0,0,0,0,0,12979,5.8e-05,udp,-,INT,2,0,503.0,0.0,17241.37888,0,0,0,0,0,0,0,0,0,0,0,0,0,0,0,0,0,0,0,0,0,0,0,0,0,0,0,0,0,0,0,Password
0,0,0,0.0,0,0.0,0,0.0,0,0.0,0,0,0,0,0,0,0,0,0,0,40232,0.001024,udp,dns,CON,2,2,146.0,178.0,2929.687507,0,0,0,0,0,0,0,0,0,0,0,0,0,0,0,0,0,0,0,0,0,0,0,0,0,0,0,0,0,0,0,Password
0,0,0,0.0,0,0.0,0,0.0,0,0.0,0,0,0,0,0,0,0,0,0,0,63102,0.711892,sctp,-,CON,4,2,504.0,368.0,7.023537,0,0,0,0,0,0,0,0,0,0,0,0,0,0,0,0,0,0,0,0,0,0,0,0,0,0,0,0,0,0,0,Password
0,0,0,0.0,0,0.0,0,0.0,0,0.0,0,0,0,0,0,0,0,0,0,0,38881,0.712776,tcp,-,FIN,122,126,7810.0,15494.0,346.532428,0,0,0,0,0,0,0,0,0,0,0,0,0,0,0,0,0,0,0,0,0,0,0,0,0,0,0,0,0,0,0,Password
0,0,0,0.0,0,0.0,0,0.0,0,0.0,0,0,0,0,0,0,0,0,0,0,16165,0.016965,tcp,-,FIN,48,50,2974.0,30506.0,5717.654007,0,0,0,0,0,0,0,0,0,0,0,0,0,0,0,0,0,0,0,0,0,0,0,0,0,0,0,0,0,0,0,Password
0,0,0,0.0,0,0.0,0,0.0,0,0.0,0,0,0,0,0,0,0,0,0,0,16498,1.158733,tcp,http,FIN,14,18,1684.0,10168.0,26.753359,0,0,0,0,0,0,0,0,0,0,0,0,0,0,0,0,0,0,0,0,0,0,0,0,0,0,0,0,0,0,0,Password
0,0,0,0.0,0,0.0,0,0.0,0,0.0,0,0,0,0,0,0,0,0,0,0,6943,0.351915,tcp,ssh,FIN,106,114,9400.0,12298.0,622.309361,0,0,0,0,0,0,0,0,0,0,0,0,0,0,0,0,0,0,0,0,0,0,0,0,0,0,0,0,0,0,0,Password
0,0,0,0.0,0,0.0,0,0.0,0,0.0,0,0,0,0,0,0,0,0,0,0,35027,0.17108,tcp,-,FIN,52,54,3182.0,39076.0,613.747978,0,0,0,0,0,0,0,0,0,0,0,0,0,0,0,0,0,0,0,0,0,0,0,0,0,0,0,0,0,0,0,Password
0,0,0,0.0,0,0.0,0,0.0,0,0.0,0,0,0,0,0,0,0,0,0,0,33983,0.001039,udp,dns,CON,2,2,146.0,178.0,2887.391736,0,0,0,0,0,0,0,0,0,0,0,0,0,0,0,0,0,0,0,0,0,0,0,0,0,0,0,0,0,0,0,Password
0,0,0,0.0,0,0.0,0,0.0,0,0.0,0,0,0,0,0,0,0,0,0,0,52845,1.437046,tcp,ftp,FIN,12,12,826.0,682.0,16.005054,0,0,0,0,0,0,0,0,0,0,0,0,0,0,0,0,0,0,0,0,0,0,0,0,0,0,0,0,0,0,0,Password
0,0,0,0.0,0,0.0,0,0.0,0,0.0,0,0,0,0,0,0,0,0,0,0,59081,0.48182,tcp,-,FIN,10,6,2076.0,268.0,31.131959,0,0,0,0,0,0,0,0,0,0,0,0,0,0,0,0,0,0,0,0,0,0,0,0,0,0,0,0,0,0,0,Password
0,0,0,0.0,0,0.0,0,0.0,0,0.0,0,0,0,0,0,0,0,0,0,0,52227,9e-06,unas,-,INT,2,0,200.0,0.0,111111.1072,0,0,0,0,0,0,0,0,0,0,0,0,0,0,0,0,0,0,0,0,0,0,0,0,0,0,0,0,0,0,0,Password
0,0,0,0.0,0,0.0,0,0.0,0,0.0,0,0,0,0,0,0,0,0,0,0,32386,0.006079,tcp,-,FIN,22,24,2054.0,2478.0,7402.533366,0,0,0,0,0,0,0,0,0,0,0,0,0,0,0,0,0,0,0,0,0,0,0,0,0,0,0,0,0,0,0,Password
0,0,0,0.0,0,0.0,0,0.0,0,0.0,0,0,0,0,0,0,0,0,0,0,42211,2e-06,udp,-,INT,2,0,1064.0,0.0,500000.0013,0,0,0,0,0,0,0,0,0,0,0,0,0,0,0,0,0,0,0,0,0,0,0,0,0,0,0,0,0,0,0,Password
0,0,0,0.0,0,0.0,0,0.0,0,0.0,0,0,0,0,0,0,0,0,0,0,31805,1.071479,tcp,-,FIN,224,438,12934.0,548216.0,616.904319,0,0,0,0,0,0,0,0,0,0,0,0,0,0,0,0,0,0,0,0,0,0,0,0,0,0,0,0,0,0,0,Password
0,0,0,0.0,0,0.0,0,0.0,0,0.0,0,0,0,0,0,0,0,0,0,0,2384,0.018154,tcp,-,FIN,16,18,1540.0,1644.0,1817.781119,0,0,0,0,0,0,0,0,0,0,0,0,0,0,0,0,0,0,0,0,0,0,0,0,0,0,0,0,0,0,0,Password
0,0,0,0.0,0,0.0,0,0.0,0,0.0,0,0,0,0,0,0,0,0,0,0,36981,0.678323,tcp,-,FIN,28,30,4840.0,3080.0,84.030768,0,0,0,0,0,0,0,0,0,0,0,0,0,0,0,0,0,0,0,0,0,0,0,0,0,0,0,0,0,0,0,Password
0,0,0,0.0,0,0.0,0,0.0,0,0.0,0,0,0,0,0,0,0,0,0,0,67787,4e-06,unas,-,INT,2,0,200.0,0.0,250000.0006,0,0,0,0,0,0,0,0,0,0,0,0,0,0,0,0,0,0,0,0,0,0,0,0,0,0,0,0,0,0,0,Password
0,0,0,0.0,0,0.0,0,0.0,0,0.0,0,0,0,0,0,0,0,0,0,0,17891,0.033151,tcp,-,FIN,122,126,7818.0,15800.0,7450.755467,0,0,0,0,0,0,0,0,0,0,0,0,0,0,0,0,0,0,0,0,0,0,0,0,0,0,0,0,0,0,0,Password
0,0,0,0.0,0,0.0,0,0.0,0,0.0,0,0,0,0,0,0,0,0,0,0,38928,6.096261,tcp,-,FIN,444,858,24952.0,1094788.0,213.409497,0,0,0,0,0,0,0,0,0,0,0,0,0,0,0,0,0,0,0,0,0,0,0,0,0,0,0,0,0,0,0,Password
0,0,0,0.0,0,0.0,0,0.0,0,0.0,0,0,0,0,0,0,0,0,0,0,21745,1.141482,tcp,http,FIN,12,18,1580.0,10168.0,25.405569,0,0,0,0,0,0,0,0,0,0,0,0,0,0,0,0,0,0,0,0,0,0,0,0,0,0,0,0,0,0,0,Password
0,0,0,0.0,0,0.0,0,0.0,0,0.0,0,0,0,0,0,0,0,0,0,0,29691,0.310583,tcp,ftp,FIN,52,54,2934.0,3742.0,338.073885,0,0,0,0,0,0,0,0,0,0,0,0,0,0,0,0,0,0,0,0,0,0,0,0,0,0,0,0,0,0,0,Password
0,0,0,0.0,0,0.0,0,0.0,0,0.0,0,0,0,0,0,0,0,0,0,0,65160,1.948275,tcp,-,FIN,10,8,564.0,354.0,8.725668,0,0,0,0,0,0,0,0,0,0,0,0,0,0,0,0,0,0,0,0,0,0,0,0,0,0,0,0,0,0,0,Password
0,0,0,0.0,0,0.0,0,0.0,0,0.0,0,0,0,0,0,0,0,0,0,0,61725,0.950433,tcp,-,FIN,60,14,68181.0,612.0,76.807096,0,0,0,0,0,0,0,0,0,0,0,0,0,0,0,0,0,0,0,0,0,0,0,0,0,0,0,0,0,0,0,Password
0,0,0,0.0,0,0.0,0,0.0,0,0.0,0,0,0,0,0,0,0,0,0,0,11690,0.001157,udp,dns,CON,2,2,130.0,162.0,2592.91279,0,0,0,0,0,0,0,0,0,0,0,0,0,0,0,0,0,0,0,0,0,0,0,0,0,0,0,0,0,0,0,Password
0,0,0,0.0,0,0.0,0,0.0,0,0.0,0,0,0,0,0,0,0,0,0,0,7680,0.000979,udp,dns,CON,2,2,130.0,162.0,3064.351366,0,0,0,0,0,0,0,0,0,0,0,0,0,0,0,0,0,0,0,0,0,0,0,0,0,0,0,0,0,0,0,Password
0,0,0,0.0,0,0.0,0,0.0,0,0.0,0,0,0,0,0,0,0,0,0,0,41970,0.584645,tcp,-,FIN,16,10,972.0,556.0,42.760994,0,0,0,0,0,0,0,0,0,0,0,0,0,0,0,0,0,0,0,0,0,0,0,0,0,0,0,0,0,0,0,Password
0,0,0,0.0,0,0.0,0,0.0,0,0.0,0,0,0,0,0,0,0,0,0,0,51427,1.924873,tcp,ftp-data,FIN,8,8,364.0,1540.0,7.792722,0,0,0,0,0,0,0,0,0,0,0,0,0,0,0,0,0,0,0,0,0,0,0,0,0,0,0,0,0,0,0,Password
0,0,0,0.0,0,0.0,0,0.0,0,0.0,0,0,0,0,0,0,0,0,0,0,54415,0.715131,tcp,-,FIN,32,12,26474.0,642.0,60.128845,0,0,0,0,0,0,0,0,0,0,0,0,0,0,0,0,0,0,0,0,0,0,0,0,0,0,0,0,0,0,0,Password
0,0,0,0.0,0,0.0,0,0.0,0,0.0,0,0,0,0,0,0,0,0,0,0,43934,0.887497,tcp,-,FIN,10,6,662.0,268.0,16.901465,0,0,0,0,0,0,0,0,0,0,0,0,0,0,0,0,0,0,0,0,0,0,0,0,0,0,0,0,0,0,0,Password
0,0,0,0.0,0,0.0,0,0.0,0,0.0,0,0,0,0,0,0,0,0,0,0,13952,0.247852,tcp,smtp,FIN,52,42,37268.0,3380.0,375.223928,0,0,0,0,0,0,0,0,0,0,0,0,0,0,0,0,0,0,0,0,0,0,0,0,0,0,0,0,0,0,0,Password
0,0,0,0.0,0,0.0,0,0.0,0,0.0,0,0,0,0,0,0,0,0,0,0,38917,0.044823,tcp,-,FIN,66,68,3926.0,57474.0,2967.226757,0,0,0,0,0,0,0,0,0,0,0,0,0,0,0,0,0,0,0,0,0,0,0,0,0,0,0,0,0,0,0,Password
0,0,0,0.0,0,0.0,0,0.0,0,0.0,0,0,0,0,0,0,0,0,0,0,52753,3.857498,tcp,-,FIN,18,20,1008.0,6916.0,9.59171,0,0,0,0,0,0,0,0,0,0,0,0,0,0,0,0,0,0,0,0,0,0,0,0,0,0,0,0,0,0,0,Password
0,0,0,0.0,0,0.0,0,0.0,0,0.0,0,0,0,0,0,0,0,0,0,0,37987,0.844613,tcp,ftp,FIN,52,54,2934.0,3742.0,124.317289,0,0,0,0,0,0,0,0,0,0,0,0,0,0,0,0,0,0,0,0,0,0,0,0,0,0,0,0,0,0,0,Password
0,0,0,0.0,0,0.0,0,0.0,0,0.0,0,0,0,0,0,0,0,0,0,0,47540,1e-06,udp,-,INT,2,0,104.0,0.0,1000000.003,0,0,0,0,0,0,0,0,0,0,0,0,0,0,0,0,0,0,0,0,0,0,0,0,0,0,0,0,0,0,0,Password
0,0,0,0.0,0,0.0,0,0.0,0,0.0,0,0,0,0,0,0,0,0,0,0,15138,1.218061,tcp,http,FIN,14,18,1684.0,10168.0,25.450286,0,0,0,0,0,0,0,0,0,0,0,0,0,0,0,0,0,0,0,0,0,0,0,0,0,0,0,0,0,0,0,Password
0,0,0,0.0,0,0.0,0,0.0,0,0.0,0,0,0,0,0,0,0,0,0,0,66482,5e-06,br-sat-mon,-,INT,2,0,200.0,0.0,200000.0051,0,0,0,0,0,0,0,0,0,0,0,0,0,0,0,0,0,0,0,0,0,0,0,0,0,0,0,0,0,0,0,Password
0,0,0,0.0,0,0.0,0,0.0,0,0.0,0,0,0,0,0,0,0,0,0,0,46930,0.224139,tcp,-,CON,6,2,978.0,86.0,31.23062,0,0,0,0,0,0,0,0,0,0,0,0,0,0,0,0,0,0,0,0,0,0,0,0,0,0,0,0,0,0,0,Password
0,0,0,0.0,0,0.0,0,0.0,0,0.0,0,0,0,0,0,0,0,0,0,0,43394,5e-06,udp,-,INT,2,0,104.0,0.0,200000.0051,0,0,0,0,0,0,0,0,0,0,0,0,0,0,0,0,0,0,0,0,0,0,0,0,0,0,0,0,0,0,0,Password
0,0,0,0.0,0,0.0,0,0.0,0,0.0,0,0,0,0,0,0,0,0,0,0,47981,3e-06,idpr-cmtp,-,INT,2,0,200.0,0.0,333333.3215,0,0,0,0,0,0,0,0,0,0,0,0,0,0,0,0,0,0,0,0,0,0,0,0,0,0,0,0,0,0,0,Password
0,0,0,0.0,0,0.0,0,0.0,0,0.0,0,0,0,0,0,0,0,0,0,0,35719,0.455993,tcp,smtp,FIN,54,44,37808.0,3484.0,212.722565,0,0,0,0,0,0,0,0,0,0,0,0,0,0,0,0,0,0,0,0,0,0,0,0,0,0,0,0,0,0,0,Password
0,0,0,0.0,0,0.0,0,0.0,0,0.0,0,0,0,0,0,0,0,0,0,0,56060,1.428935,mux,-,INT,4,0,400.0,0.0,2.099466,0,0,0,0,0,0,0,0,0,0,0,0,0,0,0,0,0,0,0,0,0,0,0,0,0,0,0,0,0,0,0,Password
0,0,0,0.0,0,0.0,0,0.0,0,0.0,0,0,0,0,0,0,0,0,0,0,46139,1.173382,tcp,http,FIN,10,10,840.0,1406.0,16.19251,0,0,0,0,0,0,0,0,0,0,0,0,0,0,0,0,0,0,0,0,0,0,0,0,0,0,0,0,0,0,0,Password
0,0,0,0.0,0,0.0,0,0.0,0,0.0,0,0,0,0,0,0,0,0,0,0,60307,1.742001,tcp,http,FIN,10,10,806.0,1224.0,10.906997,0,0,0,0,0,0,0,0,0,0,0,0,0,0,0,0,0,0,0,0,0,0,0,0,0,0,0,0,0,0,0,Password
